'1.1', 1, 1, -200, 50, 5, 0, 0, 1
'1.2', 1, 1, -288, 34, 1, 0, 0, 1
'1.3', 1, 1, -128, 64, 16, 0, 0, 0
'1.4', 1, 1, -144, 54, 9, 0, 0, 1
'1.5', 1, 1, -144, 60, 12, 0, 0, 0
'1.6', 1, 1, -176, 56, 8, 0, 0, 0
'1.7', 1, 1, -296, 44, 2, 0, 0, 0
'1.8', 1, 1, -204, 42, 3, 0, 0, 1
'1.9', 1, 1, -484, 46, 1, 0, 0, 1
'1.10', 1, 1, -144, 40, 4, 0, 0, 0
'1.11', 1, 1, -156, 48, 6, 0, 0, 0
'1.12', 1, 1, -156, 32, 2, 0, 0, 0
'1.13', 1, 1, -120, 22, 1, 0, 0, 1
'1.14', 1, 1, -256, 52, 4, 0, 0, 0
'2.1', 1, 1, -60, 228, 12, 0, 0, 0
'2.2', 2, 1, -162, 360, 18, 0, 0, 1
'2.3', 1, 1, -114, 132, 6, 0, 0, 0
'2.4', 2, 1, -366, 168, 6, 0, 0, 1
'2.5', 1, 1, -120, 356, 20, 0, 0, 0
'2.6', 1, 1, -150, 282, 15, 0, 0, 1
'2.7', 1, 1, -200, 208, 10, 0, 0, 0
'2.8', 1, 1, -310, 158, 5, 0, 0, 1
'2.9', 3, 1, -112, 648, 24, 0, 0, 0
'2.10', 1, 1, -52, 168, 6, 0, 0, 0
'2.11', 3, 1, -224, 360, 12, 0, 0, 0
'2.12', 3, 1, -364, 216, 6, 0, 0, 0
'2.13', 2, 2, -44, 116, 8, 0, 0, 0
'2.14', 12, 2, -162, 186, 12, 0, 0, 0
'2.15', 2, 2, -134, 70, 4, 0, 0, 0
'2.16', 4, 2, -470, 94, 4, 0, 0, 0
'2.17', 1, 1, 48, 8, 8, 0, 0, 0
'2.18', 1, 1, 12, 12, 6, 0, 0, 0
'2.19', 1, 1, -100, 20, 2, 0, 0, 0
'2.20', 3, 3, -120, 128, 12, 1, 1, 0
'2.21', 3, 3, -198, 105, 9, 1, 1, 0
'2.22', 3, 3, -312, 82, 6, 1, 1, 0
'2.23', 3, 3, -534, 83, 3, 1, 1, 0
'2.24', 6, 1, -8, 624, 24, 1, 0, 0
'2.25', 18, 1, -78, 486, 18, 1, 0, 0
'2.26', 6, 1, -172, 348, 12, 1, 0, 0
'2.27', 6, 1, -338, 210, 6, 1, 0, 0
'2.28', 3, 1, 168, 0, 12, 1, 1, 0
'2.29', 3, 1, 90, 9, 9, 1, 1, 0
'2.30', 3, 1, -126, 27, 3, 1, 1, 0
'2.31', 2, 1, 272, -16, 8, 1, 0, 0
'2.32', 6, 1, 180, -6, 6, 1, 0, 0
'2.33', 2, 1, 80, 4, 4, 1, 0, 0
'2.34', 2, 1, -44, 14, 2, 1, 0, 0
'2.35', 1, 1, 472, -32, 4, 1, 1, 0
'2.36', 1, 1, 342, -21, 3, 1, 1, 0
'2.37', 1, 1, 208, -10, 2, 1, 1, 0
'2.38', 1, 1, 62, 1, 1, 1, 1, 0
'2.39', 1, 1, 420, 65, 5, 1, 0, 0
'2.40', 1, 1, 580, -11, 1, 1, 0, 0
'2.41', 3, 3, 324, 51, 3, 1, 0, 0
'2.42', 3, 1, 168, 108, 6, 0, 0, 0
'2.43', 1, 1, 192, 64, 4, 0, 0, 0
'2.44', 1, 1, 600, 2, 2, 1, 0, 0
'2.45', 3, 1, 420, 27, 3, 1, 0, 0
'2.46', 1, 1, 972, -23, 1, 1, 0, 0
'2.47', 2, 2, 304, 26, 2, 0, 0, 0
'2.48', 6, 1, 336, 90, 6, 1, 0, 0
'2.49', 2, 1, 320, 14, 2, 1, 0, 0
'2.50', 1, 1, 244, 1, 1, 1, 0, 0
'2.51', 1, 1, 264, 20, 2, 0, 0, 0
'2.52', 1, 1, -32, 312, 12, 0, 0, 0
'2.53', 1, 1, -116, 2376, 24, 0, 0, 0
'2.54', 3, 3, -180, 624, 24, 1, 0, 0
'2.55', 1, 1, -116, 1232, 32, 0, 0, 0
'2.56', 1, 1, -120, 660, 36, 0, 0, 0
'2.57', 5, 5, -200, 32, 20, 1, 1, 0
'2.58', 3, 3, 36, 0, 12, 1, 1, 0
'2.59', 1, 1, 108, -32, 4, 1, 1, 0
'2.60', 1, 1, -64, 332, 20, 0, 0, 0
'2.61', 1, 1, -116, 460, 28, 0, 0, 0
'2.62', 1, 1, -96, 1092, 42, 0, 0, 0
'2.63', 2, 1, 24, -12, 12, 0, 0, 0
'2.64', 6, 2, -96, 858, 66, 0, 0, 0
'2.65', 6, 3, -128, 112, 24, 1, 0, 0
'2.67', 6, 1, 216, -72, 54, 0, 1, 1
'2.68', 2, 2, 216, -24, 12, 0, 0, 0
'2.69', 20, 4, -64, 140, 20, 0, 0, 0
'2.70', 6, 2, -120, 24, 12, 0, 0, 0
'2.71', 4, 2, 80, 4, 16, 1, 0, 0
'3.1', 1, 1, -16, 600, 24, 0, 0, 0
'3.2', 1, 1, 160, 51, 3, 1, 0, 0
'3.3', 6, 1, 136, 276, 12, 1, 0, 0
'3.4', 9, 9, 108, 9, 9, 1, 0, 0
'3.5', 1, 1, -88, 636, 18, 0, 0, 0
'3.6', 1, 1, -72, 36, 6, 0, 0, 0
'3.7', 1, 1, 12, 102, 9, 0, 0, 1
'3.8', 1, 1, -36, 180, 18, 0, 0, 0
'3.9', 1, 1, -100, 310, 25, 0, 0, 1
'3.10', 1, 1, -16, 216, 12, 0, 0, 0
'3.11', 1, 1, 44, 60, 6, 0, 0, 0
'3.12', 3, 3, 12, 2, 3, 0, 0, 1
'3.13', 3, 1, -56, 36, 6, 0, 0, 0
'3.14', 1, 1, -100, 110, 5, 0, 0, 1
'3.15', 1, 1, -58, 100, 16, 1, 1, 0
'3.16', 1, 1, 16, -4, 2, 0, 0, 0
'3.17', 1, 1, 40, 12, 6, 0, 0, 0
'3.18', 1, 1, -64, 468, 6, 0, 0, 0
'3.19', 1, 1, 12, -2, 1, 0, 0, 1
'3.20', 7, 7, 224, 10, 7, 0, 0, 1
'3.21', 3, 1, 152, 84, 6, 0, 0, 0
'3.22', 1, 1, -36, 106, 7, 0, 0, 1
'3.23', 4, 4, 180, 7, 4, 0, 0, 0
'3.24', 2, 1, -148, 272, 56, 1, 0, 0
'3.25', 3, 1, -152, 288, 60, 1, 1, 0
'3.26', 5, 5, 40, 4, 10, 0, 0, 0
'3.27', 1, 1, 24, 58, 10, 1, 0, 0
'3.28', 3, 1, -84, 516, 42, 0, 0, 0
'3.29', 7, 1, -108, 756, 42, 0, 0, 0
'3.30', 3, 3, 248, 4, 6, 0, 0, 0
'3.31', 1, 1, -128, 668, 44, 0, 0, 0
'3.32', 1, 1, -8, 32, 8, 0, 0, 0
'3.33', 3, 3, 48, -28, 12, 0, 1, 0
'3.34', 1, 1, 20, 8, 8, 0, 0, 0
'4.1', 6, 2, 224, -36, 12, 0, 0, 0
'4.2', 3, 1, 164, -48, 12, 0, 0, 0
'4.3', 2, 1, 108, -36, 12, 0, 1, 0
'4.4', 2, 1, 90, -28, 8, 0, 0, 0
'4.5', 3, 3, 192, -20, 6, 0, 0, 0
'4.6', 2, 2, 160, -26, 10, 0, 1, 1
'4.7', 1, 1, 104, -24, 6, 0, 0, 0
'4.8', 6, 3, 390, 18, 6, 1, 0, 0
'4.9', 2, 1, 102, -24, 6, 0, 0, 1
'4.10', 12, 2, 462, -54, 12, 0, 0, 0
'4.11', 9, 3, 504, -39, 9, 1, 0, 0
'4.12', 3, 1, 240, -54, 15, 0, 1, 1
'4.13', 6, 1, 448, -72, 12, 0, 0, 0
'4.14', 6, 2, 500, -42, 6, 0, 0, 0
'4.15', 1, 1, 222, -36, 6, 0, 1, 0
'4.16', 2, 2, 314, -26, 4, 0, 0, 0
'4.17', 6, 3, 696, -38, 6, 1, 0, 0
'4.18', 2, 1, 360, -56, 10, 0, 1, 1
'4.19', 3, 1, 728, -72, 6, 0, 0, 0
'4.20', 6, 1, 754, 66, 6, 1, 0, 0
'4.21', 2, 1, 726, -72, 6, 0, 0, 1
'4.22', 4, 2, 986, -50, 4, 0, 0, 0
'4.23', 3, 3, 1104, -37, 3, 1, 0, 0
'4.24', 1, 1, 600, -58, 5, 0, 1, 1
'4.25', 39, 1, 312, 1755, 39, 1, 0, 0
'4.26', 23, 1, 200, -92, 46, 0, 0, 0
'4.27', 21, 1, 360, -126, 42, 1, 0, 0
'4.28', 2, 2, 336, -210, 42, 0, 1, 1
'4.29', 6, 1, -60, 60, 12, 0, 1, 0
'4.30', 19, 1, 240, 57, 57, 1, 1, 0
'4.31', 11, 1, 360, -132, 66, 0, 0, 0
'4.32', 5, 1, 224, -80, 40, 0, 0, 0
'4.33', 1, 1, -44, 120, 6, 0, 0, 0
'4.34', 1, 1, -120, 250, 13, 0, 0, 1
'4.35', 1, 1, 20, 32, 8, 0, 0, 0
'4.36', 1, 1, -120, 118, 7, 0, 0, 1
'4.37', 1, 1, -128, 668, 44, 0, 0, 0
'4.38', 1, 1, 48, 13, 1, 1, 1, 0
'4.39', 1, 1, -116, 82, 10, 1, 0, 0
'4.40', 1, 1, -44, 26, 2, 1, 0, 0
'4.41', 1, 1, -8, 32, 8, 0, 0, 0
'4.42', 2, 2, -128, 58, 10, 0, 0, 0
'4.43', 2, 2, 640, -4, 2, 0, 0, 1
'4.44', 1, 1, -60, 98, 5, 0, 0, 1
'4.45', 4, 4, -72, 16, 4, 0, 0, 0
'4.46', 2, 1, -78, 140, 8, 0, 0, 0
'4.47', 2, 2, -18, 14, 2, 0, 0, 1
'4.48', 1, 1, -60, 28, 4, 0, 0, 0
'4.49', 2, 2, 192, 2, 2, 0, 0, 0
'4.50', 1, 1, -92, 68, 8, 1, 1, 0
'4.51', 1, 1, -32, 28, 4, 0, 0, 0
'4.52', 1, 1, 24, 64, 4, 0, 0, 0
'4.53', 1, 1, 180, 8, 2, 0, 0, 0
'4.54', 1, 1, 24, 28, 4, 1, 1, 0
'4.55', 2, 2, 1200, 26, 2, 0, 0, 0
'4.56', 1, 1, 68, 8, 2, 0, 0, 0
'4.57', 1, 1, 0, 32, 2, 0, 0, 0
'4.58', 1, 1, -44, 122, 5, 0, 0, 1
'4.59', 3, 3, -44, 23, 3, 1, 1, 0
'4.60', 2, 2, 24, 14, 2, 0, 0, 0
'4.61', 1, 1, -16, 20, 2, 0, 0, 0
'4.62', 1, 1, -92, 54, 3, 0, 0, 1
'4.63', 1, 1, 104, 1, 1, 1, 0, 0
'4.64', 1, 1, 192, 4, 4, 0, 0, 0
'4.65', 2, 2, -72, 32, 8, 1, 1, 0
'4.66', 2, 2, -130, 14, 2, 0, 1, 1
'4.67', 1, 1, 384, -14, 1, 0, 0, 1
'4.68', 1, 1, -102, 14, 5, 0, 0, 1
'4.69', 3, 3, -64, 20, 6, 0, 0, 0
'4.70', 1, 1, 432, -4, 2, 0, 0, 0
'4.71', 3, 3, 48, 8, 12, 0, 0, 0
'4.72', 3, 3, -116, 22, 6, 1, 0, 0
'4.73', 1, 1, 68, 98, 2, 1, 0, 0
'4.74', 3, 3, -144, 10, 3, 0, 0, 1
'4.75', 1, 1, -78, 3822, 39, 0, 0, 1
'4.76', 1, 1, -12, 10, 1, 0, 0, 1
'4.77', 3, 3, 24, -16, 24, 0, 0, 0
'5.1', 1, 1, -30, 468, 30, 0, 0, 0
'5.2', 2, 1, -106, 760, 46, 0, 0, 1
'5.3', 2, 1, -6, 24, 18, 0, 0, 1
'5.4', 1, 1, -44, 628, 40, 0, 0, 0
'5.5', 1, 1, -50, 530, 35, 0, 0, 1
'5.6', 1, 1, -4, 12, 12, 0, 0, 0
'5.7', 1, 1, -98, 756, 42, 0, 0, 0
'5.8', 2, 1, -2, 24, 6, 0, 0, 1
'5.9', 4, 4, 272, -8, 16, 0, 0, 0
'5.10', 2, 2, -78, 430, 28, 0, 0, 0
'5.11', 2, 1, 38, 100, 4, 0, 0, 0
'5.12', 12, 6, 450, -6, 12, 0, 0, 0
'5.13', 4, 4, 360, -4, 8, 0, 0, 0
'5.14', 1, 1, 20, 20, 8, 0, 0, 0
'5.15', 1, 1, -32, 72, 12, 1, 1, 0
'5.16', 1, 1, -50, 40, 10, 0, 0, 0
'5.17', 1, 1, -2, 12, 6, 0, 0, 0
'5.18', 1, 1, -86, 958, 61, 0, 0, 1
'5.19', 4, 2, 258, -2, 4, 0, 0, 0
'5.20', 1, 1, -84, 954, 57, 0, 0, 1
'5.21', 3, 3, 60, 15, 3, 1, 1, 0
'5.22', 1, 1, -102, 426, 21, 0, 0, 1
'5.23', 1, 1, -88, -452, 34, 0, 0, 0
'5.24', 1, 1, -100, 506, 29, 0, 0, 1
'5.25', 1, 1, -102, 177, 33, 1, 0, 0
'5.26', 3, 3, 40, 148, 6, 0, 0, 0
'5.27', 1, 1, -92, 194, 38, 1, 1, 0
'5.28', 2, 2, -44, 40, 10, 0, 0, 1
'5.29', 1, 1, -100, 248, 14, 0, 0, 0
'5.30', 1, 1, -108, 326, 17, 0, 0, 1
'5.31', 1, 1, -92, 260, 56, 1, 1, 0
'5.32', 1, 1, -60, 48, 12, 0, 0, 0
'5.33', 3, 1, -52, 336, 18, 0, 0, 0
'5.34', 3, 1, -56, 330, 21, 0, 0, 1
'5.35', 1, 1, -100, 426, 21, 0, 0, 1
'5.36', 3, 1, -80, 270, 15, 0, 0, 1
'5.37', 1, 1, -32, -8, 10, 0, 0, 0
'5.38', 3, 3, -52, 0, 6, 0, 0, 0
'5.39', 1, 1, -18, 86, 5, 0, 0, 1
'5.40', 3, 1, -76, 504, 30, 0, 0, 0
'5.41', 6, 1, 168, 192, 12, 1, 1, 0
'5.42', 2, 1, 80, 48, 12, 1, 1, 0
'5.43', 1, 1, -44, 224, 14, 0, 0, 0
'5.44', 1, 1, -36, 106, 13, 0, 0, 1
'5.45', 3, 1, 52, 150, 18, 1, 1, 0
'5.46', 1, 1, -98, 98, 14, 1, 1, 0
'5.47', 1, 1, -8, 80, 20, 0, 0, 0
'5.48', 1, 1, 136, 232, 4, 0, 0, 0
'5.49', 2, 1, -92, 804, 48, 0, 0, 0
'5.50', 1, 1, 48, -4, 20, 0, 1, 0
'5.51', 1, 1, -74, 374, 23, 0, 0, 1
'5.52', 2, 2, 180, 74, 20, 0, 0, 1
'5.53', 1, 1, 208, -14, 1, 0, 0, 1
'5.54', 1, 1, -60, 70, 10, 1, 1, 0
'5.55', 1, 1, -64, 116, 20, 1, 0, 0
'5.56', 2, 1, -16, 184, 40, 1, 0, 0
'5.57', 2, 1, 496, -40, 8, 1, 0, 0
'5.58', 3, 1, 18, 189, 45, 1, 0, 0
'5.59', 3, 1, 558, 54, 9, 0, 1, 1
'5.60', 1, 1, 54, 29, 5, 1, 0, 0
'5.61', 1, 1, 426, 46, 1, 0, 1, 1
'5.62', 2, 1, 48, 92, 20, 1, 0, 0
'5.63', 2, 1, 528, -104, 4, 0, 0, 0
'5.64', 1, 1, 236, 5, 5, 1, 1, 0
'5.65', 3, 3, 252, 39, 15, 1, 1, 0
'5.66', 3, 1, -28, 30, 15, 0, 0, 1
'5.67', 2, 2, 272, 22, 10, 0, 0, 0
'5.68', 1, 1, -14, 98, 17, 0, 0, 1
'5.69', 9, 9, 810, 9, 9, 1, 1, 0
'5.70', 1, 1, -104, 378, 21, 0, 0, 1
'5.71', 3, 1, 234, 54, 18, 1, 0, 0
'5.72', 3, 3, 34, 38, 3, 0, 1, 1
'5.73', 1, 1, -72, 340, 16, 0, 0, 0
'5.74', 1, 1, -36, 118, 7, 0, 0, 1
'5.75', 1, 1, -92, 396, 18, 0, 0, 0
'5.76', 1, 1, -90, 348, 18, 0, 0, 0
'5.77', 1, 1, -36, 170, 11, 0, 0, 1
'5.78', 1, 1, -104, 506, 29, 0, 0, 1
'5.79', 1, 1, -86, 304, 22, 0, 0, 0
'5.80', 2, 2, -144, 122, 26, 0, 0, 0
'5.81', 2, 2, -108, 174, 42, 0, 0, 0
'5.82', 1, 1, -96, 56, 14, 0, 0, 0
'5.83', 1, 1, -88, 98, 11, 0, 0, 1
'5.84', 1, 1, -86, 504, 30, 0, 0, 0
'5.85', 3, 1, 22, 36, 6, 0, 1, 0
'5.86', 1, 1, -92, 218, 11, 0, 0, 1
'5.87', 2, 2, -128, 90, 18, 0, 0, 0
'5.88', 1, 1, -92, 352, 22, 0, 0, 0
'5.89', 1, 1, -44, 148, 16, 0, 0, 0
'5.90', 2, 2, 320, 8, 8, 0, 0, 0
'5.91', 2, 1, 34, 116, 8, 0, 0, 0
'5.92', 4, 2, -100, 204, 24, 1, 0, 0
'5.93', 3, 3, -100, 88, 12, 0, 0, 0
'5.94', 3, 3, -132, 47, 27, 1, 0, 0
'5.95', 1, 1, -74, 84, 12, 1, 0, 0
'5.96', 2, 2, -74, 46, 16, 1, 0, 0
'5.97', 1, 1, 52, 36, 12, 0, 0, 0
'5.98', 1, 1, -50, 226, 13, 0, 0, 1
'5.99', 3, 3, -136, -10, 15, 0, 0, 1
'5.100', 6, 6, -16, 14, 6, 0, 0, 0
'5.101', 2, 2, -114, 44, 8, 0, 1, 1
'5.102', 6, 3, -108, 60, 48, 1, 1, 0
'5.103', 5, 5, -132, 17, 5, 1, 0, 0
'5.104', 4, 4, -128, 64, 52, 0, 0, 1
'5.105', 2, 2, 376, -16, 8, 1, 1, 0
'5.106', 1, 1, 220, 413, 17, 1, 0, 0
'5.107', 4, 4, -176, 128, 20, 0, 0, 1
'5.108', 8, 8, -36, 14, 8, 0, 0, 0
'5.109', 1, 1, -72, 48, 12, 0, 0, 0
'5.110', 1, 1, -64, 444, 24, 0, 0, 0
'5.111', 1, 1, -60, 636, 24, 0, 0, 0
'5.112', 1, 1, -18, 312, 12, 0, 0, 0
'5.113', 2, 1, -29, 40, 10, 0, 0, 1
'5.114', 1, 1, 192, -20, 4, 0, 0, 0
'5.115', 3, 3, 792, -21, 3, 1, 0, 0
'5.116', 1, 1, 752, -44, 4, 1, 0, 0
'5.117', 1, 1, 608, -23, 1, 1, 0, 0
'5.118', 1, 1, 384, -64, 8, 0, 0, 0
'5.119', 1, 1, -4, 8, 2, 0, 0, 0
'5.120', 1, 1, -36, 32, 8, 0, 0, 0
'5.121', 1, 1, 20, 32, 8, 0, 0, 0
'5.122', 3, 3, -12, -12, 6, 0, 0, 0
'5.123', 1, 1, 96, 64, 16, 1, 0, 0
'5.124', 1, 1, -60, 36, 6, 0, 0, 0
'5.125', 1, 1, -68, 180, 6, 0, 0, 0
'5.126', 1, 1, -96, 140, 8, 0, 0, 0
'5.127', 1, 1, -114, 100, 10, 0, 0, 0
'5.128', 5, 5, -8, 41, 5, 1, 1, 0
'5.129', 5, 5, 68, 46, 10, 1, 1, 0
'5.130', 3, 3, 52, 16, 6, 0, 0, 0
'5.131', 3, 3, 300, -12, 6, 0, 0, 0
'5.132', 1, 1, 192, 24, 12, 0, 0, 0
'5.133', 1, 1, 52, 52, 4, 0, 0, 0
'5.134', 3, 1, 56, 36, 12, 0, 0, 0
'6.1', 2, 2, 160, 60, 60, 0, 0, 0
'6.2', 3, 1, 320, 24, 60, 0, 0, 0
'6.3', 1, 1, -44, 332, 14, 0, 0, 0
'6.4', 1, 1, -76, 322, 19, 0, 0, 1
'6.5', 2, 2, -212, 0, 18, 0, 0, 1
'6.6', 1, 1, -158, 1368, 18, 0, 0, 0
'6.7', 3, 3, -312, 0, 18, 0, 0, 0
'6.8', 1, 1, -50, 190, 13, 0, 0, 1
'6.9', 1, 1, -44, 1266, 81, 0, 0, 1
'6.10', 1, 1, -160, 504, 18, 0, 0, 0
'6.11', 1, 1, 528, -8, 4, 0, 0, 0
'6.12', 1, 1, 0, 156, 6, 0, 0, 0
'6.14', 1, 1, -190, 660, 24, 0, 0, 0
'6.15', 1, 1, 104, -16, 8, 0, 0, 0
'6.16', 1, 1, 248, -8, 4, 0, 0, 0
'6.17', 3, 3, 48, 40, 60, 0, 0, 0
'6.18', 1, 1, 0, 100, 4, 0, 0, 0
'6.19', 1, 1, -8, 350, 23, 0, 0, 1
'6.20', 6, 6, -12, -112, 42, 0, 0, 1
'6.21', 6, 1, -36, 1500, 60, 1, 0, 0
'6.22', 1, 1, -76, 1548, 96, 0, 0, 0
'6.23', 1, 1, -80, 1748, 116, 0, 0, 0
'6.24', 1, 1, -6, 276, 18, 0, 0, 0
'6.25', 1, 1, -72, 465, 117, 1, 1, 0
'6.26', 1, 1, -80, 1352, 86, 0, 0, 0
'6.27', 2, 1, -42, 1560, 102, 0, 0, 1
'6.28', 1, 1, -72, 498, 27, 0, 0, 1
'6.30', 1, 1, -32, 1208, 32, 0, 0, 0
'6.31', 2, 1, -10, 456, 30, 0, 0, 1
'6.33', 1, 1, -88, 40, 4, 0, 0, 0
'6.34', 3, 3, -8, 32, 12, 0, 0, 0
'6.35', 3, 3, 270, 96, 12, 1, 0, 0
'6.36', 1, 1, -32, 424, 28, 0, 0, 0
'6.37', 2, 1, 146, -4, 8, 0, 0, 0
'6.38', 5, 5, 264, 4, 10, 0, 0, 0
'6.39', 2, 2, -324, 228, 24, 1, 1, 0
'6.40', 1, 1, 296, -28, 2, 0, 0, 0
'6.41', 1, 1, -84, 404, 26, 0, 0, 0
'7.1', 1, 1, -32, 424, 28, 0, 0, 0
'7.2', 2, 1, 146, -28, 8, 0, 1, 0
'7.3', 1, 1, 0, 100, 4, 0, 0, 0
'7.4', 1, 1, -58, 54, 6, 1, 0, 0
'7.5', 1, 1, 68, 14, 2, 1, 0, 0
'7.6', 1, 1, -6, 276, 18, 0, 0, 0
'7.7', 2, 1, -10, 456, 30, 0, 0, 1
'7.8', 2, 1, -12, 180, 36, 0, 0, 0
'7.9', 6, 1, -18, 378, 54, 1, 1, 0
'7.10', 6, 1, -36, 7260, 60, 1, 0, 0
'7.11', 2, 2, -324, 84, 24, 1, 0, 0
'7.12', 1, 1, 90, -36, 12, 0, 1, 0
'7.13', 2, 1, 320, -80, 16, 0, 0, 0
'7.14', 1, 1, 290, 52, 4, 0, 1, 0
'7.15', 10, 10, 528, -26, 10, 0, 1, 1
'7.16', 3, 1, 16, 936, 60, 0, 0, 0
'7.17', 9, 9, 234, 54, 18, 1, 0, 0
'7.18', 1, 1, -88, 40, 4, 0, 0, 0
'7.19', 3, 3, -8, 32, 12, 0, 0, 0
'7.20', 1, 1, -18, 414, 27, 0, 0, 1
'7.21', 1, 1, 246, -42, 9, 0, 1, 1
'8.1', 2, 1, -90, 504, 30, 0, 0, 1
'8.2', 1, 1, -10, 108, 6, 0, 0, 0
'8.3', 2, 2, 6, 66, 12, 0, 0, 0
'8.4', 18, 3, -18, 30, 18, 1, 1, 0
'8.5', 6, 1, 96, 324, 36, 1, 0, 0
'8.6', 3, 1, -80, 576, 30, 0, 0, 0
'8.7', 4, 2, -30, 86, 20, 0, 0, 0
'8.8', 3, 3, -60, 31, 15, 1, 1, 0
'8.9', 6, 1, 50, 186, 30, 1, 0, 0
'8.10', 6, 2, 14, 306, 12, 0, 0, 0
'8.11', 3, 3, 0, 102, 18, 1, 1, 0
'8.12', 18, 1, 108, 468, 36, 1, 0, 0
'8.13', 12, 6, 138, -10, 12, 0, 1, 1
'8.14', 6, 2, 118, 78, 12, 0, 1, 0
'8.15', 6, 1, 78, 48, 18, 0, 1, 1
'8.16', 1, 1, -90, 734, 47, 0, 0, 1
'8.17', 3, 3, 14, 14, 6, 1, 1, 0
'8.18', 1, 1, -44, 428, 26, 0, 0, 0
'8.19', 4, 4, 80, 158, 8, 0, 0, 0
'8.20', 1, 1, -90, 556, 34, 0, 0, 0
'8.21', 6, 2, -6, 84, 18, 0, 1, 0
'8.22', 1, 1, -90, 608, 38, 0, 0, 0
'8.23', 1, 1, -90, 83, 11, 1, 0, 0
'8.24', 2, 2, -86, 90, 24, 0, 0, 1
'8.25', 3, 1, 192, -12, 18, 0, 0, 0
'8.26', 1, 1, -84, -32, 22, 0, 0, 0
'8.27', 2, 2, 12, 46, 10, 0, 0, 0
'8.28', 1, 1, -86, 404, 26, 0, 0, 0
'8.29', 2, 1, -74, 164, 32, 1, 1, 0
'8.30', 1, 1, -68, -24, 12, 0, 0, 0
'8.31', 1, 1, -76, 126, 15, 0, 0, 1
'8.32', 3, 1, 36, 564, 36, 0, 0, 0
'8.33', 2, 2, -110, 120, 30, 0, 0, 1
'8.34', 1, 1, -80, 270, 15, 0, 0, 1
'8.35', 1, 1, -72, 1770, 117, 0, 0, 1
'8.36', 1, 1, -80, 1748, 116, 0, 0, 0
'8.37', 3, 3, -116, 190, 33, 0, 0, 1
'8.38', 1, 1, -20, 80, 8, 0, 0, 0
'8.39', 3, 3, -90, 148, 30, 0, 0, 0
'8.40', 1, 1, -76, 1548, 96, 0, 0, 0
'8.41', 1, 1, -50, 252, 24, 0, 0, 0
'8.42', 4, 2, -8, 248, 32, 1, 1, 0
'8.43', 1, 1, -60, 448, 28, 0, 0, 0
'8.44', 4, 2, 180, 38, 8, 0, 0, 0
'8.45', 2, 2, -60, 76, 40, 1, 1, 0
'8.46', 1, 1, 6, 416, 8, 0, 0, 0
'8.47', 2, 1, -50, 288, 18, 0, 0, 1
'8.48', 1, 1, -64, 262, 13, 0, 0, 1
'8.49', 2, 2, -50, 30, 12, 0, 0, 0
'8.50', 1, 1, -8, 350, 23, 0, 0, 1
'8.51', 1, 1, -80, 1352, 86, 0, 0, 0
'8.52', 1, 1, 136, 4, 4, 0, 0, 0
'8.53', 2, 2, 304, 88, 16, 0, 0, 0
'8.54', 6, 6, -12, 686, 42, 0, 0, 0
'8.55', 6, 6, 96, 400, 48, 0, 0, 0
'8.56', 1, 1, -22, 32, 8, 0, 0, 0
'8.57', 1, 1, -58, 388, 40, 1, 1, 0
'8.58', 1, 1, -62, 612, 6, 0, 0, 0
'8.59', 3, 1, -2, 144, 30, 0, 1, 0
'8.60', 1, 1, -66, 36, 6, 0, 0, 0
'8.61', 2, 1, -6, 96, 30, 0, 1, 1
'8.62', 3, 3, 222, -12, 6, 0, 1, 0
'8.63', 2, 2, -68, 114, 30, 0, 0, 0
'8.64', 2, 1, 96, 16, 16, 0, 1, 0
'8.65', 1, 1, -72, 196, 40, 1, 1, 0
'8.66', 2, 1, 24, 312, 12, 0, 0, 0
'8.67', 1, 1, -84, 162, 30, 1, 1, 0
'8.68', 2, 1, -42, 1560, 102, 0, 0, 1
'8.69', 2, 1, -18, -52, 32, 0, 0, 0
'8.70', 1, 1, 6, 20, 8, 0, 0, 0
'8.71', 2, 1, 150, -24, 18, 0, 0, 1
'8.72', 1, 1, -72, 498, 27, 0, 0, 1
'8.73', 1, 1, -84, 404, 26, 0, 0, 0
'8.74', 1, 1, -32, 1208, 32, 0, 0, 0
'8.75', 1, 1, 110, -12, 6, 0, 0, 0
'8.76', 2, 1, 362, -24, 6, 0, 0, 1
'8.77', 2, 1, -58, 344, 20, 0, 0, 0
'8.78', 6, 6, 216, 10, 6, 0, 0, 0
'8.79', 3, 1, 16, 72, 60, 0, 0, 0
'8.80', 1, 1, 52, -12, 12, 0, 0, 0
'8.81', 2, 1, 208, 64, 16, 1, 0, 0
'8.82', 6, 6, -12, -112, 42, 0, 0, 1
'8.83', 4, 4, 180, 10, 4, 0, 0, 0
'8.84', 3, 1, -28, 96, 30, 0, 0, 0
'8.85', 2, 1, 136, 168, 12, 0, 0, 0
'8.86', 1, 1, -78, 578, 35, 0, 0, 1
'8.88', 1, 1, -76, 270, 15, 0, 0, 1
'9.1', 6, 3, -76, 548, 42, 0, 0, 1
'9.2', 3, 1, -28, 624, 42, 0, 0, 0
'9.3', 1, 1, -18, 414, 27, 0, 0, 1
'9.4', 3, 3, 738, -15, 9, 1, 1, 0
'9.5', 1, 1, -34, 324, 18, 0, 0, 0
'9.6', 1, 1, -74, 1596, 102, 0, 0, 0
'9.7', 1, 1, 52, -48, 18, 0, 0, 0
'9.8', 1, 1, -20, 520, 34, 0, 0, 0
'9.9', 1, 1, -74, 502, 31, 0, 0, 1
'9.10', 1, 1, -68, 502, 31, 0, 0, 1
'10.1', 1, 1, -78, 1402, 91, 0, 0, 1
'10.2', 6, 6, 276, 196, 24, 1, 0, 0
'10.3', 6, 2, 44, -24, 18, 0, 0, 1
'10.4', 6, 1, 50, -24, 18, 0, 0, 1
'10.5', 3, 3, -6, 174, 18, 1, 1, 0
'10.6', 3, 3, 96, 220, 24, 1, 1, 0
'10.7', 3, 3, 54, 28, 24, 1, 1, 0
'10.8', 3, 3, -12, 30, 18, 1, 1, 0
'10.9', 1, 1, -120, 1648, 64, 0, 0, 0
'10.10', 3, 3, 104, 44, 12, 0, 0, 0
'11.1', 3, 3, -82, 76, 18, 0, 1, 0
'11.2', 1, 1, -64, 1498, 97, 0, 0, 1
'11.3', 1, 1, -78, 1402, 91, 0, 0, 1
'11.4', 1, 1, -50, 152, 20, 0, 0, 0
'11.5', 2, 2, 40, 20, 8, 1, 1, 0
'11.6', 1, 1, -74, 1596, 102, 0, 0, 0
'11.7', 1, 1, 52, -48, 18, 0, 0, 0
'11.8', 1, 1, -20, 616, 34, 0, 0, 0
'11.9', 1, 1, -34, 324, 18, 0, 0, 0
'11.10', 1, 1, -68, 262, 31, 0, 0, 1
'11.11', 1, 1, -74, 502, 31, 0, 0, 1
'11.12', 1, 1, -78, 578, 35, 0, 0, 1
'11.13', 3, 1, -82, 582, 39, 0, 0, 1
'11.14', 1, 1, -74, 426, 27, 0, 0, 1
'11.15', 3, 3, 190, -10, 3, 0, 1, 1
'11.16', 1, 1, -80, 554, 35, 0, 0, 1
'11.17', 3, 3, 144, 30, 6, 1, 0, 0
'11.18', 1, 1, -82, 194, 26, 1, 0, 0
'11.19', 3, 3, -42, 48, 12, 1, 0, 0
'11.20', 2, 1, -72, 548, 32, 0, 0, 0
'11.21', 4, 4, 600, 28, 4, 0, 0, 1
'12.2', 2, 2, 528, -8, 16, 0, 0, 0
'12.3', 1, 1, 48, 68, 20, 0, 0, 0
'12.4', 1, 1, 48, -28, 20, 0, 0, 0
'12.5', 6, 6, 276, 100, 24, 1, 0, 0
'12.6', 3, 1, -20, 636, 36, 0, 0, 0
'12.7', 3, 3, -40, 114, 21, 0, 0, 1
'12.8', 1, 1, 192, -32, 4, 0, 0, 0
'12.9', 2, 2, 768, 80, 8, 0, 0, 0
'12.10', 2, 2, 768, -88, 8, 0, 0, 0
'12.12', 1, 1, 152, 16, 16, 0, 0, 0
'12.13', 1, 1, 104, 32, 20, 0, 0, 0
'12.14', 18, 3, 90, 324, 36, 1, 1, 0
'12.15', 1, 1, -68, 652, 40, 0, 0, 0
'12.16', 1, 1, 384, -112, 8, 0, 0, 0
'12.17', 1, 1, 24, 224, 32, 0, 0, 0
'12.18', 1, 1, 132, -4, 8, 0, 0, 0
'13.2', 1, 1, 384, -112, 8, 0, 0, 0
'13.3', 1, 1, 24, 224, 32, 0, 0, 0
'13.4', 1, 1, 132, -4, 8, 0, 0, 0
'13.5', 2, 2, 768, 8, 8, 0, 0, 0
'13.6', 6, 2, 44, -24, 18, 0, 0, 1
'13.7', 6, 1, 50, -24, 18, 0, 0, 1
'13.8', 3, 3, -6, 174, 18, 1, 1, 0
'13.9', 3, 3, 96, 220, 24, 1, 1, 0
'13.10', 3, 3, 54, 28, 24, 1, 1, 0
'13.11', 3, 3, -12, 30, 18, 1, 1, 0
'13.12', 3, 3, 272, -4, 12, 0, 1, 0
'13.13', 1, 1, -50, 224, 8, 0, 0, 0
'13.14', 6, 6, 276, 100, 24, 1, 1, 0
'13.15', 3, 1, -14, 1224, 48, 0, 0, 0
'13.16', 2, 2, 16, 84, 12, 0, 0, 0
'13.17', 1, 1, -74, 578, 35, 0, 0, 1
'14.1', 3, 3, 12, 20, 120, 0, 0, 0
'14.2', 1, 1, -68, 652, 40, 0, 0, 0
'14.3', 2, 1, -72, 548, 32, 0, 0, 0
'14.4', 1, 1, -74, 426, 27, 0, 0, 1
'14.5', 1, 1, -80, 554, 35, 0, 0, 1
'14.6', 1, 1, -82, -52, 26, 0, 0, 0
'14.7', 1, 1, 152, 16, 16, 0, 0, 0
'14.8', 1, 1, 104, 32, 20, 0, 0, 0
'14.9', 3, 3, 160, 44, 12, 0, 0, 0
'14.10', 8, 8, 248, -52, 32, 0, 0, 0
'14.11', 1, 1, -64, 308, 20, 0, 0, 0
'15.1', 18, 3, 90, 180, 36, 1, 1, 0
'15.2', 8, 8, 248, -52, 32, 0, 0, 0
'15.3', 3, 3, 160, 44, 12, 0, 0, 0
'15.4', 1, 1, -64, 476, 20, 0, 0, 0
'16.1', 6, 6, 2664, -36, 24, 0, 0, 0
'16.2', 9, 3, 156, 162, 54, 1, 1, 0
'16.3', 2, 1, -88, 168, 12, 0, 0, 0
'16.4', 3, 1, -30, -12, 6, 0, 1, 0
'16.5', 6, 6, 76, 102, 18, 0, 0, 0
'16.6', 3, 1, 126, -12, 6, 0, 1, 0
'16.7', 3, 3, -14, 174, 18, 1, 1, 0
'16.8', 9, 3, 546, 288, 54, 0, 1, 0
'16.9', 1, 1, -70, 1908, 6, 0, 0, 0
'16.10', 1, 1, -58, 180, 6, 0, 0, 0
'16.11', 6, 6, 356, 120, 18, 0, 0, 1
'16.12', 2, 1, 248, 168, 12, 0, 0, 0
'16.13', 3, 3, -4, 30, 18, 1, 1, 0
'16.14', 2, 1, 96, 64, 16, 1, 1, 0
'16.15', 3, 3, 40, 28, 24, 1, 1, 0
'16.16', 1, 1, 34, 32, 8, 0, 0, 0
'16.17', 3, 3, 110, 28, 24, 1, 1, 0
'18.1', 1, 1, -50, 224, 8, 0, 0, 0
'18.2', 3, 1, -14, 1224, 48, 0, 0, 0
'18.3', 2, 2, 16, 84, 12, 0, 0, 0
'18.4', 1, 1, -62, 288, 36, 0, 0, 0
